0.9999999999999992,0.9999990375712631,0.16887764317755244,0.30166659587917516,0.30443834719761215,0.17630237409348135,0.19617186336001197,0.1836517550759721,0.24937619708331638,0.16997803652973345,0.2451585603408212,0.3766840678745639,0.2615496026843248,0.16169432859153096,0.2015583929467253,0.32470017061076645,0.2825000399204278,0.3083644086984517,0.389788112135966,0.19967997698656526,0.19618128563768644,0.40493707334482676,0.42171147037707774,0.16860474217316754,0.19018940385184144,0.3766840678745639,0.18911394593109693,0.148042366901624,0.34747969336911894,0.3306576757643582,0.28103549340371914,0.2825873301739951,0.14763672660147367,0.29123597505718357,0.1629425062974803,0.20134414687477634,0.21014100924367846,0.3766840678745639,0.3373581792967977,0.20066460566582808,0.2254323496937295,0.23422397127127056,0.1906145229775332,0.26016917641666154,0.25625666256056023,0.3766840678745639,0.36631248043770664,0.24558175406266414,0.23633518712379734,0.15208885186661728,0.3766840678745639,0.32907743174386794,0.21269160384693075,0.19096787834517398,0.30864854619831694,0.3021045076329937,0.3051575088338614,0.29376608629226664,0.19391557135369775,0.25220258665948414,0.2145873462461925,0.12818434113525393,0.3404818613022059,0.12950342630241138,0.12884734254944005,0.38984490583733555,0.10757138484941468,0.18266752375142864,0.3766209309827158,0.2563876772097966,0.14344608207926138,0.3766840678745639,0.23432696454044996,0.29747323210065324,0.2202232342019261,0.3766840678745639,0.27871090190172204,0.20186891597092965,0.20157754725112298,0.3766840678745639,0.2762222720696538,0.2809389174592323,0.11641358488509371,0.12243823806569674,0.36580750139171475,0.25680155846457625,0.16791220111700597,0.35694415370183835,0.16860369215923074,0.21355049829498907,0.21014100924367846,0.3475003445011048,0.2442560420423403,0.3766840678745639,0.2634651096918351,0.21355903469794224,0.13964360332511563,0.32907743174386794,0.28879788826562064,0.1330233213213899
0.9999990375712631,0.9999999999999983,0.1689251019643501,0.30173248283246723,0.3044559613653814,0.1763757318808598,0.1962814424148266,0.1837441944075471,0.24948212769633446,0.17007745927656578,0.24525829985174288,0.3767418002399523,0.26159692443577814,0.1618100259213085,0.20168036053555463,0.3247830089833404,0.28261524212998845,0.30850017540414115,0.3898414177592097,0.19974478234336357,0.19630173487466038,0.4050029330845549,0.42178744924913303,0.16869126612669197,0.19028796140735116,0.3767418002399523,0.18922992839912972,0.14817128880129735,0.34758485332094047,0.3306694788184713,0.28112689048288225,0.2827024450612626,0.14776647195183992,0.29128213246139567,0.1630061655801546,0.2015242190995129,0.21026909211408124,0.3767418002399523,0.3374816249052565,0.20079406676875197,0.22552942997757142,0.234359412955845,0.19071768861141927,0.26024399056681863,0.25638485099206193,0.3767418002399523,0.36639744008042463,0.2456936352642691,0.23643265744921585,0.15220396235479894,0.3767418002399523,0.3291629579170436,0.21269716400467603,0.19101646569462824,0.3087377412803974,0.30217220892184915,0.3052398535825895,0.293816773412233,0.19402639252925472,0.25232098577915374,0.21469303430576425,0.12829301964566184,0.3405089139098543,0.12966566508473903,0.1289499194699204,0.3898982633794157,0.10766482814207667,0.1827818565705836,0.3766786260691578,0.2564437714119154,0.14354753299714965,0.3767418002399523,0.23440309938228715,0.2974427651710119,0.22030248510096584,0.3767418002399523,0.27879267885296105,0.2019070151803309,0.20159180973199076,0.3767418002399523,0.27626582499268326,0.2809609697088418,0.11650089218063477,0.12255320330720457,0.3658341702004858,0.2568574162575875,0.16796483420808433,0.3569948358079955,0.16869016536717585,0.21366721869720465,0.21026909211408124,0.3476055884112108,0.24440617696500241,0.3767418002399523,0.2635165947182399,0.21367651892536993,0.13979668550276805,0.3291629579170436,0.28883300047663835,0.13313232046142953
0.16887764317755244,0.1689251019643501,0.9999999999999987,0.17191520586420425,0.1426033676319514,0.17697243789414946,0.2443953037603087,0.18312952211840483,0.15574183762874969,0.19387184096962343,0.24388669779229516,0.2508309773456086,0.09591788353646347,0.3384010787047099,0.2107174116298437,0.21358703056276857,0.21693692277318546,0.2090503839214061,0.22019052350892165,0.23857027696837593,0.22582103737523931,0.14912072599959977,0.13462647312923953,0.2787475995565304,0.28231304861309986,0.2508309773456086,0.1367214259670361,0.13240349358191075,0.19712456618091034,0.18405655309335903,0.2780064612404583,0.21685426480370854,0.16789728041019578,0.18125915989783625,0.21428414833916273,0.2841674146139086,0.21136747776457906,0.2508309773456086,0.14123683733075768,0.21345396345571482,0.21719745357468503,0.3587508166794583,0.21647860875015415,0.26743933750874466,0.18560770804505058,0.2508309773456086,0.1606667799405416,0.17349095432794687,0.21380284769164049,0.14580338231505252,0.2508309773456086,0.1697389563832563,0.46252311953687963,0.408968223111469,0.2949407590284087,0.24205444249044067,0.15545940112185616,0.24682330323811366,0.23767983624824549,0.11111134313613769,0.1566261003055597,0.1887782478885165,0.10920646733894598,0.4337748234925822,0.49994467540232723,0.22015596600367873,0.15145708574579256,0.21505404677654807,0.2507569538446078,0.18730404555376187,0.32293682230916454,0.2508309773456086,0.15156880609601756,0.31899983786434466,0.2905753435083508,0.2508309773456086,0.25836620829249096,0.30491786378669494,0.35575415311557945,0.2508309773456086,0.2257826757233055,0.15753017894321908,0.17683390956416264,0.1609332513983324,0.12782665197414217,0.15847004172212847,0.400876139845214,0.20311015313428082,0.27870556863316226,0.19472361039866984,0.21136747776457906,0.1970953987144561,0.21912326236368349,0.2508309773456086,0.2787981602773258,0.1589113579515947,0.23396288370796364,0.1697389563832563,0.27157062186496966,0.22415598189714667
0.30166659587917516,0.30173248283246723,0.17191520586420425,0.9999999999999987,0.4505405791155818,0.34673010964857903,0.23851529662857077,0.3077761021740238,0.30065104881482596,0.2122163216267437,0.3485589843229569,0.588417343766701,0.4954419911451461,0.2317698856631083,0.21672389578850385,0.43842102247656,0.3092569068971043,0.31140499660293625,0.5247636272070828,0.14474908537019582,0.2396285649969874,0.3046242017067786,0.4167442849924037,0.2795524269505615,0.23271636727197748,0.588417343766701,0.29319008676076547,0.19943061229245407,0.427645943739312,0.40983797337767613,0.2473681476771843,0.30931817010070267,0.26081785896022514,0.4089037255799353,0.19740865886515443,0.32571854934850686,0.3948391153524515,0.588417343766701,0.3759408926749265,0.40540664214980376,0.28292709411659084,0.2844123092609714,0.2712389787514652,0.2790974122055445,0.2973906273787471,0.588417343766701,0.43046652862558943,0.7071185533728838,0.3767983782868812,0.24145168515818527,0.588417343766701,0.4913547148477533,0.18875937997229814,0.21448000292974137,0.25676130517523377,0.24361605729418823,0.4282658161505692,0.47372072254516423,0.256705441943032,0.6356813813174234,0.28772023279802433,0.19504534979006688,0.274139237477307,0.22503980653945757,0.2142672119771666,0.5247506186466334,0.22473780474183278,0.29710685343894805,0.5883130637347411,0.22822935199358907,0.2018418957792506,0.588417343766701,0.2732390299005053,0.27607236068757224,0.2518081531915967,0.588417343766701,0.3302903284268338,0.1866532593274486,0.1972140688732864,0.588417343766701,0.45448915208818486,0.5317513147744846,0.1861386638841263,0.21524350483354204,0.3618537252981853,0.32852285972883943,0.21795630446022649,0.4851044344934311,0.27955260783385993,0.19710118655253042,0.3948391153524515,0.42767362481953536,0.26301038572372626,0.588417343766701,0.43513258384639397,0.2740145949488564,0.20921842172584312,0.4913547148477533,0.32462165612765753,0.15931164096849387
0.30443834719761215,0.3044559613653814,0.1426033676319514,0.4505405791155818,0.9999999999999983,0.36673073704491277,0.2386132639588577,0.2715120369154632,0.2621689934096794,0.22992631626922982,0.26017703370694883,0.46584357464309223,0.3838360154158626,0.2123615757930025,0.17974305577405914,0.3384284345753251,0.21295336602087916,0.22877182458213163,0.3914458121497558,0.1530048140886014,0.20786853977207867,0.246192000857445,0.3523097841818057,0.15710108359787334,0.20087271261780829,0.46584357464309223,0.2217882344828406,0.19447891238876636,0.3255279258642618,0.37885390697690174,0.27688606358870493,0.21303631401614448,0.21291738951881342,0.32511768596588797,0.1985878752835284,0.2319116471120931,0.23956870506018932,0.46584357464309223,0.4042415855213604,0.2300609525033954,0.30506541344569177,0.23743531806289458,0.2767586272573914,0.23926938028711917,0.24865643957409236,0.46584357464309223,0.3706307103688986,0.38197526072827437,0.349330395011046,0.2283639632047162,0.46584357464309223,0.45381868405821524,0.21843908034704698,0.2097276164636583,0.25269275955448073,0.31053427647381515,0.36679755950849696,0.35428284663685045,0.2277101875170848,0.39534019726744296,0.2716485882684682,0.15881641720957487,0.20372162391846121,0.14145173236150624,0.16146871098048,0.39145778212154064,0.1788917823292577,0.21983259357367196,0.46583856976451204,0.24708581419559875,0.15559409019921425,0.46584357464309223,0.39967134920579184,0.24738768104675116,0.18928811629219564,0.46584357464309223,0.3048228925993839,0.1832383519893375,0.2003180784232205,0.46584357464309223,0.35447392420047824,0.39812006718819737,0.18100389526680508,0.2006626088171823,0.32579764797644206,0.27083122006692756,0.2045350318374045,0.4127371096735214,0.15709669907903745,0.14614596743697073,0.23956870506018932,0.32556373805450606,0.2156876244227876,0.46584357464309223,0.37513732895424196,0.3208395723153117,0.13786364820185426,0.45381868405821524,0.2837825273058271,0.19348748278246083
0.17630237409348135,0.1763757318808598,0.17697243789414946,0.34673010964857903,0.36673073704491277,0.9999999999999987,0.37965343727191914,0.49791242308654665,0.44190816160477303,0.2905434841490352,0.23650707682665506,0.28666813100637206,0.17458004148234318,0.2730551627334334,0.19930490815545432,0.2535767374365428,0.2740637838696614,0.2716210549610858,0.2648191520219198,0.21331541397082665,0.3203583372418369,0.22981093705087205,0.251195714163099,0.2273856204396232,0.20632845944995468,0.28666813100637206,0.2065324768974552,0.39235247464776635,0.28799682748374544,0.2794424238853806,0.3319186696057795,0.2740381239810716,0.31956113027317934,0.28742730869942,0.2290065541607504,0.2927141143670277,0.30714925701554335,0.28666813100637206,0.345898916009694,0.2867418556018991,0.41607437950095144,0.3470149443102679,0.30230031718891587,0.2581849176450825,0.33378410832141864,0.28666813100637206,0.20817812662598753,0.3321438251554941,0.33869793758803374,0.49113541966090407,0.28666813100637206,0.4383637965808312,0.22317947342922068,0.2255062980740504,0.20036713979030032,0.29279921516528534,0.2782756160415347,0.3186768647084539,0.3272663761914479,0.3238189445934568,0.3114027548295006,0.23221779990239214,0.13683563197615847,0.16589145146307105,0.15851081652588297,0.2647994296649544,0.523270195327517,0.36338754830725745,0.2865698040235273,0.19281155321011378,0.23066557332528603,0.28666813100637206,0.322306634506455,0.1634166323370633,0.24129014081128766,0.28666813100637206,0.1940558643460503,0.204468157954369,0.21815288057503346,0.28666813100637206,0.27015321917161467,0.32353118407706866,0.41529614247672186,0.3768297063614306,0.26932842715732025,0.22952239332685803,0.24395499553022956,0.2653256442799831,0.2273588995128037,0.18320234247187736,0.30714925701554335,0.2880525977700456,0.2347229181823769,0.28666813100637206,0.23774410827390952,0.3055186131426266,0.20686252577439246,0.4383637965808312,0.18200806655616097,0.19811119806900548
0.19617186336001197,0.1962814424148266,0.2443953037603087,0.23851529662857077,0.2386132639588577,0.37965343727191914,0.9999999999999973,0.5820993592488124,0.34934521302940774,0.3194135374311086,0.4595978750280654,0.2632710936759333,0.16738939342431847,0.4634099302355978,0.24437981428203132,0.28753224857279325,0.32376798325969763,0.40048955992692276,0.26594688424955454,0.19663515201022763,0.3943941721728547,0.23360905500107051,0.2286949586105448,0.3642769954486094,0.21723504145936692,0.2632710936759333,0.24585845025335465,0.6150617411838224,0.35536128667113703,0.35168767684754426,0.432040778693445,0.32384222168849724,0.37187489830840476,0.2599506378661336,0.31227607573835586,0.40309721844682217,0.2912014051997649,0.2632710936759333,0.2793847729653274,0.2005933120281307,0.5289507891301408,0.6257061942389813,0.23963464955110766,0.41042126953982583,0.42832113084948176,0.2632710936759333,0.19343781206973013,0.21313380920649208,0.2924576014098907,0.3157622703976033,0.2632710936759333,0.30232658405368246,0.2212049185886645,0.22949652424434216,0.28191747459691874,0.5341708333427707,0.36745350232082,0.2798902767070239,0.29540407310578054,0.2351478031997301,0.2617922212249711,0.23930816450924702,0.15260565072224275,0.22638694222526368,0.22672737595092982,0.2658701627761145,0.29861418228758785,0.25488576570822713,0.26319465358226996,0.3396045722024797,0.381496252596336,0.2632710936759333,0.2893302042478429,0.24482142457915532,0.1978536967587872,0.2632710936759333,0.20628118823048783,0.19337673973140598,0.17828908978017902,0.2632710936759333,0.27750104012423815,0.24781842602732904,0.3060106049681417,0.30196912229959433,0.25468489469702094,0.28643136272079844,0.27335139989602186,0.2893238377645318,0.3642272643669465,0.1700412977611166,0.2912014051997649,0.3554167430946593,0.22608185227859912,0.2632710936759333,0.2395797097741248,0.22022241173476556,0.20815835621255457,0.30232658405368246,0.19183283690235708,0.1633823138944695
0.1836517550759721,0.1837441944075471,0.18312952211840483,0.3077761021740238,0.2715120369154632,0.49791242308654665,0.5820993592488124,0.999999999999998,0.3723035697949273,0.3159822155292024,0.426545169057145,0.29128914949217743,0.20660990953388506,0.3992021008538293,0.23883455055480093,0.31424107566208553,0.3673457641345924,0.402763682526514,0.32003569285148425,0.23627159580891927,0.33642956350515735,0.27760318846792953,0.24450726847179108,0.3252943400166209,0.2789354619963812,0.29128914949217743,0.24221087045265732,0.45741156084049767,0.3573117098315993,0.2960352619780993,0.3737586694463082,0.3673592337149829,0.3888479548724117,0.30480819464634645,0.24162153520729998,0.4097278629897144,0.2898756181343819,0.29128914949217743,0.27595453510514467,0.29978376288270303,0.42476256049862127,0.5014184249527179,0.22499079081027362,0.4013917875411994,0.4147824438536042,0.29128914949217743,0.2246392835215083,0.25833679720297187,0.3347105562675868,0.3881446689804765,0.29128914949217743,0.36015274272361975,0.15151343027903072,0.1989913576674571,0.2485619392941861,0.3791959061690381,0.38591330279736,0.35998593723648104,0.29891521239682733,0.22338264621120876,0.2911620857255333,0.3336921186625492,0.1951421606239329,0.1948622638944721,0.18610559755023542,0.3199757069651636,0.40491580963872864,0.24482081256036764,0.29120087302624387,0.21101351178980246,0.31434176415162324,0.29128914949217743,0.18578100592790447,0.19697600407738525,0.21204501494828346,0.29128914949217743,0.2318185576229874,0.1982773609374757,0.18890645894676153,0.29128914949217743,0.33709688311080765,0.35791037828587524,0.4290985959036423,0.3489992596546875,0.29971414809904456,0.2624045382164935,0.22695745441015178,0.3067230441707581,0.32524652751373084,0.21262448131182968,0.2898756181343819,0.35733011075125154,0.304946158261755,0.29128914949217743,0.25797186750049894,0.22358912392852495,0.23787685473618211,0.36015274272361975,0.21578946141030628,0.13808506182311037
0.24937619708331638,0.24948212769633446,0.15574183762874969,0.30065104881482596,0.2621689934096794,0.44190816160477303,0.34934521302940774,0.3723035697949273,0.9999999999999972,0.4555793534001493,0.2785421069500284,0.2785658703572476,0.18785917001837657,0.24900280987146584,0.32688318450045145,0.29437260790282127,0.35946239859866197,0.4203813819144902,0.31017666297719587,0.25217272495726195,0.4791526619918559,0.270509757025069,0.25583596494366534,0.3547753915565653,0.25100855063780325,0.2785658703572476,0.26103806797679124,0.288515264879118,0.3513035935786512,0.25862710229029257,0.36037656785349914,0.3595279514503875,0.3370205822089361,0.2732007036346629,0.2100333482273736,0.43641413225434605,0.3340788758257697,0.2785658703572476,0.31167222551886703,0.2875786635240802,0.43070094030340883,0.40101521722764627,0.2566460396167737,0.3646707002270372,0.4245022182486228,0.2785658703572476,0.21569174030983929,0.27334729660591184,0.29923711435416145,0.5222476351901085,0.2785658703572476,0.33156558249601487,0.1658943818110606,0.20421026759918662,0.27167355737001886,0.37407634355216907,0.23415862769980092,0.32075716640121765,0.34733430683074834,0.24722670658563434,0.36338953084019915,0.2434002324230512,0.16015909679180518,0.21626101374697726,0.18505897612558028,0.310100831989614,0.2752245856334645,0.27939081793919407,0.27847810297170716,0.20125518978364404,0.29699533961639035,0.2785658703572476,0.21937340009998196,0.17865352476822818,0.19673193706951644,0.2785658703572476,0.20045530536725983,0.19983384540762342,0.1679226958695774,0.2785658703572476,0.24609224767007584,0.27641513653849825,0.30340363781442553,0.44381466297808336,0.26489932299517177,0.30718504567622335,0.2745572027010932,0.2997292127563927,0.3547712570405061,0.2667907227381898,0.3340788758257697,0.35131021804338414,0.28006179335761827,0.2785658703572476,0.22402175623387519,0.28299194279750933,0.24424063060463455,0.33156558249601487,0.23528697603967613,0.1913077182138551
0.16997803652973345,0.17007745927656578,0.19387184096962343,0.2122163216267437,0.22992631626922982,0.2905434841490352,0.3194135374311086,0.3159822155292024,0.4555793534001493,0.9999999999999981,0.26295926392523283,0.24164692237926658,0.18153578283626112,0.28172893155461953,0.2505041519940569,0.25263252616930437,0.2890359320019466,0.31983030030728243,0.2599505457441501,0.2639168663364369,0.4879422538507268,0.24628205349926105,0.1368537743239922,0.3713227436335038,0.28618857935527675,0.24164692237926658,0.26709018883324764,0.24550379479689682,0.3389193827810258,0.2184465040672827,0.32892029783541454,0.28906163559785975,0.32166585982227736,0.25599333322959966,0.24862569905684728,0.36926850652206705,0.29754816368132325,0.24164692237926658,0.1842931419250325,0.2347858045571967,0.3819021235558526,0.34706111999021544,0.2602545491022478,0.3536420425564234,0.3994450070095415,0.24164692237926658,0.19810065789429268,0.19427797190086185,0.283881729092615,0.3652119817100081,0.24164692237926658,0.2918803632462838,0.16550133648630294,0.17811793119936045,0.23627867036834282,0.33779109243393524,0.2621038513374704,0.23966163750454259,0.3224943799834255,0.164676371809629,0.3235737107120857,0.24083627999878665,0.13732035528633493,0.2372363447609961,0.21471022919948973,0.25993508422296246,0.22209917105713597,0.23176132134092395,0.24157120590571088,0.2045789104801179,0.3456712877658528,0.24164692237926658,0.20553350070075657,0.2201742453240019,0.21097285565451576,0.24164692237926658,0.2128820970855438,0.24892067513009863,0.218621381804253,0.24164692237926658,0.2318851290648864,0.2737427286519748,0.2281970420449683,0.26540860701367475,0.24299423425682057,0.3281316778432924,0.2583007332235732,0.26166697192582317,0.3713065552167061,0.27810906530099627,0.29754816368132325,0.3388562172949601,0.24180527330295223,0.24164692237926658,0.21277636267398933,0.2513245997990689,0.2823452686963494,0.2918803632462838,0.19915105436279507,0.19419155466466972
0.2451585603408212,0.24525829985174288,0.24388669779229516,0.3485589843229569,0.26017703370694883,0.23650707682665506,0.4595978750280654,0.426545169057145,0.2785421069500284,0.26295926392523283,0.9999999999999989,0.3623899211191611,0.2584083363568329,0.6403159171425515,0.23736232841611296,0.38998179361016133,0.3555791114479526,0.3900550854731164,0.42296647843947416,0.2403494633236306,0.34522108421443626,0.26185991297876327,0.2695995941670534,0.3159533179710797,0.24078335735045855,0.3623899211191611,0.3026271059524349,0.3890765245831798,0.41267040769247976,0.31552556346336996,0.3342476722115452,0.35563579043308413,0.3263024054054332,0.34377464406239355,0.27577794475163375,0.32410539278971423,0.3135376928464247,0.3623899211191611,0.3123257243134314,0.247416531261674,0.3552418871012414,0.5270381812442455,0.22880629684814957,0.33362389210702786,0.3344518336861724,0.3623899211191611,0.2806416981821093,0.30578360537644006,0.30830551973671816,0.24375116484278847,0.3623899211191611,0.30887140888495923,0.17200493900953004,0.21668211958750636,0.3442922423554642,0.34863131611253534,0.4069548404087551,0.3197617967271247,0.24435761990772317,0.2447660313159257,0.3459281559847972,0.3287798477894785,0.23220547472243175,0.2246827101787472,0.21088833482252217,0.4228970972575953,0.2688458787979562,0.2220772852391546,0.36238303254154974,0.24117589729727246,0.32180096195579594,0.3623899211191611,0.2045110811534527,0.2608543688436104,0.19203489751522437,0.3623899211191611,0.2934954098622077,0.16264050159120616,0.17185773912768423,0.3623899211191611,0.30759277528456036,0.3194570882532456,0.24239287690943123,0.261274422571291,0.3308872430481499,0.33160054214685736,0.22110791871535831,0.3514416221009907,0.31590407511012103,0.2143496198499051,0.3135376928464247,0.4126559058812795,0.2695096037736441,0.3623899211191611,0.2945979714944483,0.2000961469595574,0.2002093693428621,0.30887140888495923,0.28213694145414886,0.16275408933605368
0.3766840678745639,0.3767418002399523,0.2508309773456086,0.588417343766701,0.46584357464309223,0.28666813100637206,0.2632710936759333,0.29128914949217743,0.2785658703572476,0.24164692237926658,0.3623899211191611,0.9999999999999976,0.4226547920771679,0.26280773212325154,0.2412651509100752,0.48770179459771285,0.2911349224918524,0.30442627556864627,0.6027324835780781,0.1581394904472543,0.22791584798672948,0.319053186361139,0.38932468513584184,0.2178193310315573,0.2601939109410748,0.9999999999999976,0.2704509378924478,0.18791685714668188,0.4326898425392972,0.4597878597293416,0.2777250375211263,0.29117809331251004,0.24811173066620945,0.43761385856264595,0.25005467901842293,0.33961220983884793,0.30248398504998497,0.9999999999999976,0.4287850779618392,0.33192065059998804,0.33473596238510506,0.32504351457127506,0.24767225949940075,0.2939587617665796,0.29593600981435925,0.9999999999999976,0.6141121983960821,0.4426619274655417,0.44837439482111296,0.2170586151947087,0.9999999999999976,0.5105851966119727,0.22234693134850245,0.29416959840721274,0.3053102008422943,0.3060345596727617,0.4295333949665147,0.4688500738142299,0.23979194980494792,0.35709827309929826,0.29924038553428545,0.2058257355387073,0.3829017097114158,0.22600615859763318,0.23795034450393113,0.602726240889059,0.2019696493572585,0.2816025140297374,0.9999990523264016,0.2788313640296639,0.19873890213259418,0.9999999999999976,0.2847723044546968,0.32872898249976984,0.3067162402875122,0.9999999999999976,0.40390180309902307,0.24177512563871756,0.26651957983729874,0.9999999999999976,0.5214947085255999,0.5181050168302217,0.19159462630609306,0.1926078388646771,0.40313065721366015,0.34014174789003976,0.2562204829788141,0.5292859251354729,0.21780784952927362,0.19412965752795214,0.30248398504998497,0.4326846309231754,0.29276257486330637,0.9999999999999976,0.5526458453915284,0.235424086959029,0.1929554704853095,0.5105851966119727,0.3627587914235989,0.15732022158890804
0.2615496026843248,0.26159692443577814,0.09591788353646347,0.4954419911451461,0.3838360154158626,0.17458004148234318,0.16738939342431847,0.20660990953388506,0.18785917001837657,0.18153578283626112,0.2584083363568329,0.4226547920771679,0.9999999999999969,0.19490792236066026,0.18457101146107277,0.3267965572654554,0.17655728372721707,0.18307101782302562,0.36458021629947646,0.10547012548394746,0.177351342334322,0.2386168659815693,0.3507659771777451,0.2432723897675514,0.17074831478809505,0.4226547920771679,0.2294624223073309,0.13426208871662293,0.28857957480891655,0.2741506971575234,0.18149576984104632,0.1766118836687589,0.19289835017365578,0.34343073024260523,0.15069660676100097,0.2755361118713624,0.1661560824185378,0.4226547920771679,0.29889968152087293,0.19585478401539186,0.24220810873586257,0.18233473837034644,0.15353875323014834,0.22838570366440336,0.17303993250717256,0.4226547920771679,0.4639161641306679,0.41521162805977335,0.27147037843941163,0.1388393126267467,0.4226547920771679,0.3219332161771763,0.07615871345129202,0.10783063388906279,0.17771291345245205,0.19158714321703635,0.35336455213966445,0.3204850255751682,0.14815012700788271,0.3768527515954706,0.25135412640706173,0.1639056928863076,0.2841620565993902,0.08949470858768914,0.057956646500168414,0.36457154001198805,0.11302478115365454,0.12842171615283413,0.4226289818509028,0.19412335267160738,0.2016195749917936,0.4226547920771679,0.20837530331763407,0.18125067989917576,0.1598052204076367,0.4226547920771679,0.26275853223666557,0.07805806931221082,0.0756882778557563,0.4226547920771679,0.2666174465665456,0.356763701766943,0.09721159167459027,0.13509259398961998,0.3323604803226002,0.32420066853142726,0.13233774487700364,0.4654416634323599,0.24331130255319275,0.13321781214547945,0.1661560824185378,0.28860143707926256,0.14995569244044407,0.4226547920771679,0.3306937463187334,0.2175397074082479,0.14860414166385866,0.3219332161771763,0.14505982162305855,0.1545797869874247
0.16169432859153096,0.1618100259213085,0.3384010787047099,0.2317698856631083,0.2123615757930025,0.2730551627334334,0.4634099302355978,0.3992021008538293,0.24900280987146584,0.28172893155461953,0.6403159171425515,0.26280773212325154,0.19490792236066026,0.9999999999999966,0.3376203914360319,0.21945394868480775,0.30098918164307886,0.31712717024625764,0.27286550853715097,0.2331620583253629,0.3154464219261051,0.20839444169765475,0.1912680043790648,0.3248761850235123,0.2896243086826298,0.26280773212325154,0.1913279355850249,0.3703429856456237,0.2754604811575779,0.21808131781195653,0.34457104473174227,0.30101001014519135,0.2895800706450965,0.22740042499547178,0.24198292020163942,0.32557233828599647,0.4079679066034373,0.26280773212325154,0.23025214775781758,0.30933128953929767,0.38787972103033574,0.5748231317836491,0.19460833237358488,0.3432323255266233,0.3014798512313204,0.26280773212325154,0.2140560956994897,0.20578462177900225,0.30144697378674795,0.2914320332692067,0.26280773212325154,0.2544322320975874,0.2978758744374431,0.40124672382170884,0.2636474206024595,0.32839811017708515,0.34167937915157026,0.26033891383550795,0.24631495090708228,0.17737075278399705,0.22395002418030224,0.4393203592831645,0.15884180183643729,0.24822307666089916,0.259525725882142,0.2728302511455916,0.21188270014035207,0.3096949398830877,0.2628164314509539,0.1986700416466136,0.36431221915495443,0.26280773212325154,0.18210386677543136,0.1783740644996122,0.3382897283196467,0.26280773212325154,0.21096189051993172,0.2501075629413995,0.2598766806238046,0.26280773212325154,0.2376037236597042,0.24125816002304157,0.3095535438173207,0.3206837966468589,0.2091077954558272,0.2239194576298598,0.2983876853314756,0.2853879793985903,0.3248311046861192,0.21756984226023585,0.4079679066034373,0.2754285361715371,0.3603562068059828,0.26280773212325154,0.22464489089442036,0.19705531588036676,0.2846191617261025,0.2544322320975874,0.21616365880020866,0.22633548632285602
0.2015583929467253,0.20168036053555463,0.2107174116298437,0.21672389578850385,0.17974305577405914,0.19930490815545432,0.24437981428203132,0.23883455055480093,0.32688318450045145,0.2505041519940569,0.23736232841611296,0.2412651509100752,0.18457101146107277,0.3376203914360319,0.9999999999999993,0.22350528774301265,0.29091061757147785,0.35123800515970915,0.26349699411029937,0.32791213637679384,0.2899758647273771,0.28780272130959395,0.1622993093295161,0.3105448646358332,0.3680106388071601,0.2412651509100752,0.15405269722600337,0.255411448509028,0.29915838837600167,0.2252201234254967,0.2753792627187419,0.2909319390671324,0.2694984313901498,0.17477130122160864,0.14871008904393046,0.31188740253039526,0.41831777016241367,0.2412651509100752,0.19324712338712458,0.4121366114304091,0.3111349814299672,0.37127811761561186,0.22424399576481288,0.30696223085314334,0.307725670904231,0.2412651509100752,0.19114984021273324,0.2065274549329242,0.25128209722425865,0.2536138059360698,0.2412651509100752,0.22000854915251386,0.2292295792627555,0.26804445377094305,0.27531645943605476,0.2653431399954277,0.199547081283311,0.2071124297110855,0.27882177506996325,0.16523957785284446,0.15616131117283905,0.3376817393187954,0.18536001483352998,0.21206449352842602,0.19283530896113193,0.26342287264994185,0.1504097518367731,0.2920496219896952,0.24120190491382676,0.19669507966471342,0.2401061465369912,0.2412651509100752,0.17262159795398008,0.18866174280331865,0.3001321112377327,0.2412651509100752,0.1847318781600554,0.24439804714609062,0.25462505296790144,0.2412651509100752,0.23144538342140847,0.2122452349083461,0.21865735600761024,0.3015173540142461,0.2320848305405626,0.17545571998564155,0.2178344922454339,0.27321031161478504,0.3105725137663191,0.34840546380532855,0.41831777016241367,0.2991450147038185,0.3814098320965695,0.2412651509100752,0.21836621201189202,0.19817019653002485,0.2635545607744492,0.22000854915251386,0.19382194687040827,0.21081410625141933
0.32470017061076645,0.3247830089833404,0.21358703056276857,0.43842102247656,0.3384284345753251,0.2535767374365428,0.28753224857279325,0.31424107566208553,0.29437260790282127,0.25263252616930437,0.38998179361016133,0.48770179459771285,0.3267965572654554,0.21945394868480775,0.22350528774301265,0.9999999999999982,0.4152280651624828,0.4289345464084168,0.4742730415960144,0.15331023643104824,0.24904028841745443,0.3420584699458983,0.35182095833103316,0.21595678720310876,0.30890665536821516,0.48770179459771285,0.3038969245432424,0.27025617050471096,0.4773085349526907,0.4082937362633815,0.2530455150043679,0.4152339825506411,0.2759301239872234,0.33897495715820897,0.21789061156159661,0.32700448248090025,0.32024147580669443,0.48770179459771285,0.3656559216984246,0.292991551167575,0.28548752258086896,0.33586762544513976,0.29093115224030464,0.3140311656849912,0.37822018623581805,0.48770179459771285,0.3163556011917731,0.340698078517178,0.335952998639251,0.21351035172647004,0.48770179459771285,0.46372477057748684,0.18663813736747326,0.2296339735834849,0.3733034659003036,0.296310404919674,0.372264608640175,0.48266377327289195,0.25840355125478165,0.27669419823304964,0.33329208151411155,0.177017224720896,0.2048102905172588,0.19635526958824234,0.20829358993372157,0.47422441634335244,0.21886801888586677,0.28582945824762956,0.48764679691569607,0.2599549774152549,0.16851339191319317,0.48770179459771285,0.24587827610627067,0.3037398218666735,0.2360621145406944,0.48770179459771285,0.3053827137504786,0.19301117316158742,0.1864437929069285,0.48770179459771285,0.4591314179018394,0.37813075939323476,0.1752914833254073,0.20907513701157113,0.32440360602592905,0.34284644618172994,0.2997268101224901,0.39984134161244783,0.2159128962638852,0.22896325472316964,0.32024147580669443,0.47730160485411743,0.3230614619854981,0.48770179459771285,0.39804320047790726,0.22995338306804303,0.2207936942743206,0.46372477057748684,0.30867684181664445,0.16233001855872206
0.2825000399204278,0.28261524212998845,0.21693692277318546,0.3092569068971043,0.21295336602087916,0.2740637838696614,0.32376798325969763,0.3673457641345924,0.35946239859866197,0.2890359320019466,0.3555791114479526,0.2911349224918524,0.17655728372721707,0.30098918164307886,0.29091061757147785,0.4152280651624828,1.0,0.9193403691388189,0.3429654924856691,0.25419131098226705,0.349796826809102,0.3491192192507592,0.22819727983938698,0.32526390410896316,0.2779481762266366,0.2911349224918524,0.29766602144996696,0.31881912227072856,0.47298116042434046,0.304006094190653,0.41098311129592324,0.9999990461927484,0.313467369594432,0.3227612146460098,0.21387920199551685,0.4059142901856404,0.47252495593400456,0.2911349224918524,0.26664418037624943,0.2912770300467949,0.28989298254042223,0.386217374643694,0.2344157096776417,0.3643675249537429,0.5735899347032987,0.2911349224918524,0.20172894866801036,0.30658516164749294,0.32638348796168004,0.30257737301485216,0.2911349224918524,0.3326555795803976,0.2050455159534022,0.2955492256952801,0.3611815456346785,0.349330933052725,0.26075543905683785,0.3147510249849202,0.4053628161939361,0.24289840266816914,0.2947333820887916,0.24580231825523233,0.18452766604971735,0.2418549113310263,0.23579914909174557,0.342915760479582,0.22158806019757746,0.415736802797845,0.2910943157932714,0.23794653660706233,0.23982696911465184,0.2911349224918524,0.19517228501559575,0.26891861782146204,0.291899151473106,0.2911349224918524,0.27207359732018954,0.2381307863159472,0.23179734558884707,0.2911349224918524,0.3124994311972754,0.25630173418769947,0.22512558562285742,0.20567796178059072,0.3037464282076343,0.3493105092581343,0.38598112365765525,0.2685084238506846,0.3252308872719858,0.3476594892470782,0.47252495593400456,0.4729954045178967,0.476022332445218,0.2911349224918524,0.23962786738999792,0.254349631510467,0.2703242120123643,0.3326555795803976,0.2576612357125064,0.17049658077093963
0.3083644086984517,0.30850017540414115,0.2090503839214061,0.31140499660293625,0.22877182458213163,0.2716210549610858,0.40048955992692276,0.402763682526514,0.4203813819144902,0.31983030030728243,0.3900550854731164,0.30442627556864627,0.18307101782302562,0.31712717024625764,0.35123800515970915,0.4289345464084168,0.9193403691388189,0.9999999999999971,0.3531818003587549,0.2671417565354242,0.377790286868643,0.3675580972360952,0.24065419965560225,0.3583498714341231,0.2753688439686495,0.30442627556864627,0.3028205604094161,0.3480036857573878,0.522569788022153,0.32807978005052735,0.4070765812627284,0.9193685023764159,0.3326505128551093,0.3179966744265407,0.22680334522119097,0.45143693154558767,0.46391008955548135,0.30442627556864627,0.28077766717460606,0.26415686670401967,0.3484337066227494,0.4722530742354689,0.22345061445274506,0.43798283270764315,0.652059449620403,0.30442627556864627,0.20809374813653828,0.30267809004785423,0.2979178172904174,0.27754837494079526,0.30442627556864627,0.33643200111992383,0.1979319570223474,0.27592706539557693,0.3662022873384538,0.4146127379052156,0.2675329470247687,0.31160957430673136,0.37755556611833,0.24802011582700836,0.29723029349277785,0.25976749550538375,0.1910224523462486,0.24407766384831286,0.2277135779558269,0.35310631528389674,0.2109749803056253,0.3655187642245832,0.3043440375937866,0.2589738630003109,0.26845520569849207,0.30442627556864627,0.20601070106354952,0.2836417867547105,0.25261860556475735,0.30442627556864627,0.2529005615412137,0.21760138438764906,0.20920683317142286,0.30442627556864627,0.30331483544573584,0.2630119362956428,0.2041107959626785,0.20047315758520212,0.30859571430367727,0.341654581715093,0.3545437284505285,0.2805184212639078,0.35831358177961686,0.3501032784126567,0.46391008955548135,0.5225935986074506,0.46883963302347886,0.30442627556864627,0.24433317988834583,0.2537180150754747,0.22447404861031456,0.33643200111992383,0.2685977366640274,0.1791520848281416
0.389788112135966,0.3898414177592097,0.22019052350892165,0.5247636272070828,0.3914458121497558,0.2648191520219198,0.26594688424955454,0.32003569285148425,0.31017666297719587,0.2599505457441501,0.42296647843947416,0.6027324835780781,0.36458021629947646,0.27286550853715097,0.26349699411029937,0.4742730415960144,0.3429654924856691,0.3531818003587549,0.9999999999999967,0.2112706099275317,0.23662231595749264,0.3431971637106703,0.3724248134258849,0.24858667157068826,0.2787713033258183,0.6027324835780781,0.2970979594998661,0.2416257671717668,0.39754735161306237,0.5146110205567542,0.29461852397581545,0.3430640103745788,0.24426090899565517,0.3756621986230542,0.2366723060701659,0.35892375624130807,0.3056107009177264,0.6027324835780781,0.44835258423534424,0.35533682807956596,0.3061161197283131,0.329130536149478,0.24654736051299705,0.3303366620707166,0.28617338408473153,0.6027324835780781,0.4308122294869491,0.394881841967889,0.45595785641649655,0.21701720683443734,0.6027324835780781,0.5109979065535384,0.24230877059176326,0.25397817088524877,0.36092898381564054,0.3023704744552272,0.4183077527473623,0.4742225632361397,0.29680316118837163,0.33980704563499914,0.31996142645350195,0.22277642381516233,0.36355001437632434,0.27794501196816185,0.2622756773898364,0.9999988886988735,0.23115388797394798,0.2981131591113936,0.6027008268279168,0.32004903035018717,0.22670938847498362,0.6027324835780781,0.2988152456659712,0.3749417388907033,0.30238965677606533,0.6027324835780781,0.36018835829429213,0.21863425298518802,0.24659400701021314,0.6027324835780781,0.5135760257682507,0.5011903382344298,0.21367389535685574,0.20051036043701348,0.45865740805364175,0.3291366945488868,0.25897870760188063,0.5097530916064109,0.2485908493706074,0.248240073129641,0.3056107009177264,0.39754994780848074,0.3592785564727805,0.6027324835780781,0.45383174020089523,0.30700267559100275,0.25749818138284525,0.5109979065535384,0.3681179515814567,0.20608028481154025
0.19967997698656526,0.19974478234336357,0.23857027696837593,0.14474908537019582,0.1530048140886014,0.21331541397082665,0.19663515201022763,0.23627159580891927,0.25217272495726195,0.2639168663364369,0.2403494633236306,0.1581394904472543,0.10547012548394746,0.2331620583253629,0.32791213637679384,0.15331023643104824,0.25419131098226705,0.2671417565354242,0.2112706099275317,0.9999999999999978,0.31203096029596245,0.22971104688844413,0.14558440941273473,0.3033884336257636,0.21195585855784763,0.1581394904472543,0.18924066850928226,0.1962467941958108,0.22979383568159112,0.14460419976220315,0.21058218446042726,0.2541915919331215,0.339007416287084,0.15629462531415994,0.13524640887881478,0.29174856541785377,0.2764815307411398,0.1581394904472543,0.24456667243164054,0.19147019218497113,0.15188853446099604,0.2849453436521563,0.3506661577137803,0.19736008138578026,0.25169893075332067,0.1581394904472543,0.1540479911995298,0.15561006872065028,0.21623864113048016,0.24518439013924306,0.1581394904472543,0.17213357728245615,0.19937124426541802,0.32110018398736456,0.2530442758759078,0.20008308467159522,0.1422331486280187,0.18863306751204004,0.2112257484790696,0.14034673380539936,0.18991603313270555,0.28319707071289146,0.15107418304426576,0.2281263295083113,0.21891663990079474,0.21126689670481727,0.20892847966854441,0.2678385779585149,0.15802103867473544,0.1245627810960243,0.30593851121661836,0.1581394904472543,0.14197314736448796,0.14884847311941896,0.19936924444818188,0.1581394904472543,0.22526589173015216,0.20987244080626238,0.21267191968181834,0.1581394904472543,0.19311681698694616,0.14265648451750254,0.20036979671377458,0.2648899300725698,0.2182818856969591,0.24983252359166627,0.21806846829356633,0.17873557694553907,0.3033882436799768,0.40561947277691823,0.2764815307411398,0.22979795855410423,0.2992715208437699,0.1581394904472543,0.16401085210207847,0.16059047277193,0.21603085373183512,0.17213357728245615,0.16109671446482474,0.11308096724707835
